0.000000e+00
2.683765e-03
5.455006e-03
8.549139e-03
1.220008e-02
1.664051e-02
2.210211e-02
2.881591e-02
3.701273e-02
4.692372e-02
5.878122e-02
7.281973e-02
8.927729e-02
1.083970e-01
1.304292e-01
1.556335e-01
1.842818e-01
2.166612e-01
2.530781e-01
2.938621e-01
3.393712e-01
3.899975e-01
4.461739e-01
5.083813e-01
5.771583e-01
6.531106e-01
7.369237e-01
8.293766e-01
9.313580e-01
1.043886e+00
1.168131e+00
1.305443e+00
1.457381e+00
1.625756e+00
1.812674e+00
2.020593e+00
2.252389e+00
2.511436e+00
2.801709e+00
3.127903e+00
3.495581e+00
3.911359e+00
4.383132e+00
4.920358e+00
5.534409e+00
6.239015e+00
7.050820e+00
7.990090e+00
9.081610e+00
1.035583e+01
1.185034e+01
