0.0   0.000000e+00
0.01  7.646887e-01
0.02  1.598630e+00
0.03  2.540204e+00
0.04  3.637533e+00
0.05  4.952940e+00
0.06  6.569242e+00
0.07  8.598808e+00
0.08  1.119680e+01
0.09  1.458079e+01
0.1   1.906031e+01
0.11  2.508173e+01
0.12  3.329756e+01
0.13  4.467468e+01
0.14  6.066583e+01
0.15  8.348491e+01
0.16  1.165555e+02
0.17  1.652521e+02
0.18  2.381444e+02
0.19  3.491183e+02
0.2   5.210503e+02
0.21  7.922801e+02
0.22  1.228210e+03
0.23  1.942459e+03
0.24  3.136158e+03
0.25  5.172311e+03
0.26  8.719256e+03
0.27  1.503298e+04
