0.0    0.000000e+00
0.01   1.044774e-01
0.02   2.170460e-01
0.03   3.412462e-01
0.04   4.813720e-01
0.05   6.427490e-01
0.06   8.321077e-01
0.07   1.058089e+00
0.08   1.331940e+00
0.09   1.668473e+00
0.1    2.087418e+00
0.11   2.615325e+00
0.12   3.288287e+00
0.13   4.155854e+00
0.14   5.286734e+00
0.15   6.777168e+00
0.16   8.763339e+00
0.17   1.144000e+01
0.18   1.508865e+01
0.19   2.012076e+01
0.2    2.714460e+01
0.21   3.707004e+01
0.22   5.127458e+01
0.23   7.186985e+01
0.24   1.021345e+02
0.25   1.472265e+02
0.26   2.153712e+02
0.27   3.198692e+02
0.28   4.825373e+02
0.29   7.396911e+02
0.3    1.152697e+03
0.31   1.826873e+03
0.32   2.945845e+03
0.33   4.835036e+03
0.34   8.080837e+03
0.35   1.375807e+04
0.36   2.387151e+04
0.37   4.222804e+04




























