0      0.000000e+00
0.01   1.054982e-02
0.02   2.289958e-02
0.03   3.731295e-02
0.04   5.407770e-02
0.05   7.350430e-02
0.06   9.592398e-02
0.07   1.216866e-01
0.08   1.511589e-01
0.09   1.847234e-01
0.1    2.227792e-01
0.11   2.657445e-01
0.12   3.140620e-01
0.13   3.682067e-01
0.14   4.286958e-01
0.15   4.961015e-01
0.16   5.710644e-01
0.17   6.543080e-01
0.18   7.466536e-01
0.19   8.490352e-01
0.2    9.625138e-01
0.21   1.088292e+00
0.22   1.227725e+00
0.23   1.382341e+00
0.24   1.553847e+00
0.25   1.744148e+00
0.26   1.955363e+00
0.27   2.189841e+00
0.28   2.450182e+00
0.29   2.739260e+00
0.3    3.060250e+00
0.31   3.416669e+00
0.32   3.812410e+00
0.33   4.251803e+00
0.34   4.739676e+00
0.35   5.281435e+00
0.36   5.883159e+00
0.37   6.551709e+00
0.38   7.294866e+00
0.39   8.121475e+00
0.4    9.041624e+00
0.41   1.006685e+01
0.42   1.121036e+01
0.43   1.248730e+01
0.44   1.391506e+01
0.45   1.551362e+01
0.46   1.730596e+01
0.47   1.931854e+01
0.48   2.158182e+01
0.49   2.413092e+01
0.5    2.700639e+01
0.51   3.025503e+01
0.52   3.393100e+01
0.53   3.809699e+01
0.54   4.282564e+01
0.55   4.820127e+01
0.56   5.432185e+01
0.57   6.130135e+01
0.58   6.927255e+01
0.59   7.839033e+01
0.6    8.883561e+01
0.61   1.008200e+02
0.62   1.145912e+02
0.63   1.304400e+02
0.64   1.487076e+02
0.65   1.697954e+02
0.66   1.941761e+02
0.67   2.224070e+02
0.68   2.551464e+02
0.69   2.931725e+02
0.7    3.374072e+02
0.71   3.889432e+02
0.72   4.490785e+02
0.73   5.193563e+02
0.74   6.016147e+02
0.75   6.980452e+02
0.76   8.112653e+02
0.77   9.444052e+02
0.78   1.101213e+03
0.79   1.286186e+03
0.8    1.504723e+03
0.81   1.763318e+03
0.82   2.069796e+03
0.83   2.433591e+03
0.84   2.866104e+03
0.85   3.381124e+03
0.86   3.995356e+03
0.87   4.729071e+03
0.88   5.606893e+03
0.89   6.658790e+03
0.9    7.921276e+03
0.91   9.438914e+03
0.92   1.126616e+04
0.93   1.346969e+04
0.94   1.613118e+04
0.95   1.935096e+04
